/*--------------------------------*- C++ -*----------------------------------*\
| =========                 |                                                 |
| \\      /  F ield         | OpenFOAM: The Open Source CFD Toolbox           |
|  \\    /   O peration     | Version:  5.x                                   |
|   \\  /    A nd           | Web:      www.OpenFOAM.org                      |
|    \\/     M anipulation  |                                                 |
\*---------------------------------------------------------------------------*/
FoamFile
{
    version     2.0;
    format      ascii;
    class       faceList;
    location    "constant/polyMesh";
    object      faces;
}
// * * * * * * * * * * * * * * * * * * * * * * * * * * * * * * * * * * * * * //


961
(
4(1 194 580 387)
4(2 195 581 388)
4(3 196 582 389)
4(4 197 583 390)
4(5 198 584 391)
4(6 199 585 392)
4(7 200 586 393)
4(8 201 587 394)
4(9 202 588 395)
4(10 203 589 396)
4(11 204 590 397)
4(12 205 591 398)
4(13 206 592 399)
4(14 207 593 400)
4(15 208 594 401)
4(16 209 595 402)
4(17 210 596 403)
4(18 211 597 404)
4(19 212 598 405)
4(20 213 599 406)
4(21 214 600 407)
4(22 215 601 408)
4(23 216 602 409)
4(24 217 603 410)
4(25 218 604 411)
4(26 219 605 412)
4(27 220 606 413)
4(28 221 607 414)
4(29 222 608 415)
4(30 223 609 416)
4(31 224 610 417)
4(32 225 611 418)
4(33 226 612 419)
4(34 227 613 420)
4(35 228 614 421)
4(36 229 615 422)
4(37 230 616 423)
4(38 231 617 424)
4(39 232 618 425)
4(40 233 619 426)
4(41 234 620 427)
4(42 235 621 428)
4(43 236 622 429)
4(44 237 623 430)
4(45 238 624 431)
4(46 239 625 432)
4(47 240 626 433)
4(48 241 627 434)
4(49 242 628 435)
4(50 243 629 436)
4(51 244 630 437)
4(52 245 631 438)
4(53 246 632 439)
4(54 247 633 440)
4(55 248 634 441)
4(56 249 635 442)
4(57 250 636 443)
4(58 251 637 444)
4(59 252 638 445)
4(60 253 639 446)
4(61 254 640 447)
4(62 255 641 448)
4(63 256 642 449)
4(64 257 643 450)
4(65 258 644 451)
4(66 259 645 452)
4(67 260 646 453)
4(68 261 647 454)
4(69 262 648 455)
4(70 263 649 456)
4(71 264 650 457)
4(72 265 651 458)
4(73 266 652 459)
4(74 267 653 460)
4(75 268 654 461)
4(76 269 655 462)
4(77 270 656 463)
4(78 271 657 464)
4(79 272 658 465)
4(80 273 659 466)
4(81 274 660 467)
4(82 275 661 468)
4(83 276 662 469)
4(84 277 663 470)
4(85 278 664 471)
4(86 279 665 472)
4(87 280 666 473)
4(88 281 667 474)
4(89 282 668 475)
4(90 283 669 476)
4(91 284 670 477)
4(92 285 671 478)
4(93 286 672 479)
4(94 287 673 480)
4(95 288 674 481)
4(96 289 675 482)
4(97 290 676 483)
4(98 291 677 484)
4(99 292 678 485)
4(100 293 679 486)
4(101 294 680 487)
4(102 295 681 488)
4(103 296 682 489)
4(104 297 683 490)
4(105 298 684 491)
4(106 299 685 492)
4(107 300 686 493)
4(108 301 687 494)
4(109 302 688 495)
4(110 303 689 496)
4(111 304 690 497)
4(112 305 691 498)
4(113 306 692 499)
4(114 307 693 500)
4(115 308 694 501)
4(116 309 695 502)
4(117 310 696 503)
4(118 311 697 504)
4(119 312 698 505)
4(120 313 699 506)
4(121 314 700 507)
4(122 315 701 508)
4(123 316 702 509)
4(124 317 703 510)
4(125 318 704 511)
4(126 319 705 512)
4(127 320 706 513)
4(128 321 707 514)
4(129 322 708 515)
4(130 323 709 516)
4(131 324 710 517)
4(132 325 711 518)
4(133 326 712 519)
4(134 327 713 520)
4(135 328 714 521)
4(136 329 715 522)
4(137 330 716 523)
4(138 331 717 524)
4(139 332 718 525)
4(140 333 719 526)
4(141 334 720 527)
4(142 335 721 528)
4(143 336 722 529)
4(144 337 723 530)
4(145 338 724 531)
4(146 339 725 532)
4(147 340 726 533)
4(148 341 727 534)
4(149 342 728 535)
4(150 343 729 536)
4(151 344 730 537)
4(152 345 731 538)
4(153 346 732 539)
4(154 347 733 540)
4(155 348 734 541)
4(156 349 735 542)
4(157 350 736 543)
4(158 351 737 544)
4(159 352 738 545)
4(160 353 739 546)
4(161 354 740 547)
4(162 355 741 548)
4(163 356 742 549)
4(164 357 743 550)
4(165 358 744 551)
4(166 359 745 552)
4(167 360 746 553)
4(168 361 747 554)
4(169 362 748 555)
4(170 363 749 556)
4(171 364 750 557)
4(172 365 751 558)
4(173 366 752 559)
4(174 367 753 560)
4(175 368 754 561)
4(176 369 755 562)
4(177 370 756 563)
4(178 371 757 564)
4(179 372 758 565)
4(180 373 759 566)
4(181 374 760 567)
4(182 375 761 568)
4(183 376 762 569)
4(184 377 763 570)
4(185 378 764 571)
4(186 379 765 572)
4(187 380 766 573)
4(188 381 767 574)
4(189 382 768 575)
4(190 383 769 576)
4(191 384 770 577)
4(0 1 387 386)
4(1 2 388 387)
4(2 3 389 388)
4(3 4 390 389)
4(4 5 391 390)
4(5 6 392 391)
4(6 7 393 392)
4(7 8 394 393)
4(8 9 395 394)
4(9 10 396 395)
4(10 11 397 396)
4(11 12 398 397)
4(12 13 399 398)
4(13 14 400 399)
4(14 15 401 400)
4(15 16 402 401)
4(16 17 403 402)
4(17 18 404 403)
4(18 19 405 404)
4(19 20 406 405)
4(20 21 407 406)
4(21 22 408 407)
4(22 23 409 408)
4(23 24 410 409)
4(24 25 411 410)
4(25 26 412 411)
4(26 27 413 412)
4(27 28 414 413)
4(28 29 415 414)
4(29 30 416 415)
4(30 31 417 416)
4(31 32 418 417)
4(32 33 419 418)
4(33 34 420 419)
4(34 35 421 420)
4(35 36 422 421)
4(36 37 423 422)
4(37 38 424 423)
4(38 39 425 424)
4(39 40 426 425)
4(40 41 427 426)
4(41 42 428 427)
4(42 43 429 428)
4(43 44 430 429)
4(44 45 431 430)
4(45 46 432 431)
4(46 47 433 432)
4(47 48 434 433)
4(48 49 435 434)
4(49 50 436 435)
4(50 51 437 436)
4(51 52 438 437)
4(52 53 439 438)
4(53 54 440 439)
4(54 55 441 440)
4(55 56 442 441)
4(56 57 443 442)
4(57 58 444 443)
4(58 59 445 444)
4(59 60 446 445)
4(60 61 447 446)
4(61 62 448 447)
4(62 63 449 448)
4(63 64 450 449)
4(64 65 451 450)
4(65 66 452 451)
4(66 67 453 452)
4(67 68 454 453)
4(68 69 455 454)
4(69 70 456 455)
4(70 71 457 456)
4(71 72 458 457)
4(72 73 459 458)
4(73 74 460 459)
4(74 75 461 460)
4(75 76 462 461)
4(76 77 463 462)
4(77 78 464 463)
4(78 79 465 464)
4(79 80 466 465)
4(80 81 467 466)
4(81 82 468 467)
4(82 83 469 468)
4(83 84 470 469)
4(84 85 471 470)
4(85 86 472 471)
4(86 87 473 472)
4(87 88 474 473)
4(88 89 475 474)
4(89 90 476 475)
4(90 91 477 476)
4(91 92 478 477)
4(92 93 479 478)
4(93 94 480 479)
4(94 95 481 480)
4(95 96 482 481)
4(96 97 483 482)
4(97 98 484 483)
4(98 99 485 484)
4(99 100 486 485)
4(100 101 487 486)
4(101 102 488 487)
4(102 103 489 488)
4(103 104 490 489)
4(104 105 491 490)
4(105 106 492 491)
4(106 107 493 492)
4(107 108 494 493)
4(108 109 495 494)
4(109 110 496 495)
4(110 111 497 496)
4(111 112 498 497)
4(112 113 499 498)
4(113 114 500 499)
4(114 115 501 500)
4(115 116 502 501)
4(116 117 503 502)
4(117 118 504 503)
4(118 119 505 504)
4(119 120 506 505)
4(120 121 507 506)
4(121 122 508 507)
4(122 123 509 508)
4(123 124 510 509)
4(124 125 511 510)
4(125 126 512 511)
4(126 127 513 512)
4(127 128 514 513)
4(128 129 515 514)
4(129 130 516 515)
4(130 131 517 516)
4(131 132 518 517)
4(132 133 519 518)
4(133 134 520 519)
4(134 135 521 520)
4(135 136 522 521)
4(136 137 523 522)
4(137 138 524 523)
4(138 139 525 524)
4(139 140 526 525)
4(140 141 527 526)
4(141 142 528 527)
4(142 143 529 528)
4(143 144 530 529)
4(144 145 531 530)
4(145 146 532 531)
4(146 147 533 532)
4(147 148 534 533)
4(148 149 535 534)
4(149 150 536 535)
4(150 151 537 536)
4(151 152 538 537)
4(152 153 539 538)
4(153 154 540 539)
4(154 155 541 540)
4(155 156 542 541)
4(156 157 543 542)
4(157 158 544 543)
4(158 159 545 544)
4(159 160 546 545)
4(160 161 547 546)
4(161 162 548 547)
4(162 163 549 548)
4(163 164 550 549)
4(164 165 551 550)
4(165 166 552 551)
4(166 167 553 552)
4(167 168 554 553)
4(168 169 555 554)
4(169 170 556 555)
4(170 171 557 556)
4(171 172 558 557)
4(172 173 559 558)
4(173 174 560 559)
4(174 175 561 560)
4(175 176 562 561)
4(176 177 563 562)
4(177 178 564 563)
4(178 179 565 564)
4(179 180 566 565)
4(180 181 567 566)
4(181 182 568 567)
4(182 183 569 568)
4(183 184 570 569)
4(184 185 571 570)
4(185 186 572 571)
4(186 187 573 572)
4(187 188 574 573)
4(188 189 575 574)
4(189 190 576 575)
4(190 191 577 576)
4(191 192 578 577)
4(193 579 580 194)
4(194 580 581 195)
4(195 581 582 196)
4(196 582 583 197)
4(197 583 584 198)
4(198 584 585 199)
4(199 585 586 200)
4(200 586 587 201)
4(201 587 588 202)
4(202 588 589 203)
4(203 589 590 204)
4(204 590 591 205)
4(205 591 592 206)
4(206 592 593 207)
4(207 593 594 208)
4(208 594 595 209)
4(209 595 596 210)
4(210 596 597 211)
4(211 597 598 212)
4(212 598 599 213)
4(213 599 600 214)
4(214 600 601 215)
4(215 601 602 216)
4(216 602 603 217)
4(217 603 604 218)
4(218 604 605 219)
4(219 605 606 220)
4(220 606 607 221)
4(221 607 608 222)
4(222 608 609 223)
4(223 609 610 224)
4(224 610 611 225)
4(225 611 612 226)
4(226 612 613 227)
4(227 613 614 228)
4(228 614 615 229)
4(229 615 616 230)
4(230 616 617 231)
4(231 617 618 232)
4(232 618 619 233)
4(233 619 620 234)
4(234 620 621 235)
4(235 621 622 236)
4(236 622 623 237)
4(237 623 624 238)
4(238 624 625 239)
4(239 625 626 240)
4(240 626 627 241)
4(241 627 628 242)
4(242 628 629 243)
4(243 629 630 244)
4(244 630 631 245)
4(245 631 632 246)
4(246 632 633 247)
4(247 633 634 248)
4(248 634 635 249)
4(249 635 636 250)
4(250 636 637 251)
4(251 637 638 252)
4(252 638 639 253)
4(253 639 640 254)
4(254 640 641 255)
4(255 641 642 256)
4(256 642 643 257)
4(257 643 644 258)
4(258 644 645 259)
4(259 645 646 260)
4(260 646 647 261)
4(261 647 648 262)
4(262 648 649 263)
4(263 649 650 264)
4(264 650 651 265)
4(265 651 652 266)
4(266 652 653 267)
4(267 653 654 268)
4(268 654 655 269)
4(269 655 656 270)
4(270 656 657 271)
4(271 657 658 272)
4(272 658 659 273)
4(273 659 660 274)
4(274 660 661 275)
4(275 661 662 276)
4(276 662 663 277)
4(277 663 664 278)
4(278 664 665 279)
4(279 665 666 280)
4(280 666 667 281)
4(281 667 668 282)
4(282 668 669 283)
4(283 669 670 284)
4(284 670 671 285)
4(285 671 672 286)
4(286 672 673 287)
4(287 673 674 288)
4(288 674 675 289)
4(289 675 676 290)
4(290 676 677 291)
4(291 677 678 292)
4(292 678 679 293)
4(293 679 680 294)
4(294 680 681 295)
4(295 681 682 296)
4(296 682 683 297)
4(297 683 684 298)
4(298 684 685 299)
4(299 685 686 300)
4(300 686 687 301)
4(301 687 688 302)
4(302 688 689 303)
4(303 689 690 304)
4(304 690 691 305)
4(305 691 692 306)
4(306 692 693 307)
4(307 693 694 308)
4(308 694 695 309)
4(309 695 696 310)
4(310 696 697 311)
4(311 697 698 312)
4(312 698 699 313)
4(313 699 700 314)
4(314 700 701 315)
4(315 701 702 316)
4(316 702 703 317)
4(317 703 704 318)
4(318 704 705 319)
4(319 705 706 320)
4(320 706 707 321)
4(321 707 708 322)
4(322 708 709 323)
4(323 709 710 324)
4(324 710 711 325)
4(325 711 712 326)
4(326 712 713 327)
4(327 713 714 328)
4(328 714 715 329)
4(329 715 716 330)
4(330 716 717 331)
4(331 717 718 332)
4(332 718 719 333)
4(333 719 720 334)
4(334 720 721 335)
4(335 721 722 336)
4(336 722 723 337)
4(337 723 724 338)
4(338 724 725 339)
4(339 725 726 340)
4(340 726 727 341)
4(341 727 728 342)
4(342 728 729 343)
4(343 729 730 344)
4(344 730 731 345)
4(345 731 732 346)
4(346 732 733 347)
4(347 733 734 348)
4(348 734 735 349)
4(349 735 736 350)
4(350 736 737 351)
4(351 737 738 352)
4(352 738 739 353)
4(353 739 740 354)
4(354 740 741 355)
4(355 741 742 356)
4(356 742 743 357)
4(357 743 744 358)
4(358 744 745 359)
4(359 745 746 360)
4(360 746 747 361)
4(361 747 748 362)
4(362 748 749 363)
4(363 749 750 364)
4(364 750 751 365)
4(365 751 752 366)
4(366 752 753 367)
4(367 753 754 368)
4(368 754 755 369)
4(369 755 756 370)
4(370 756 757 371)
4(371 757 758 372)
4(372 758 759 373)
4(373 759 760 374)
4(374 760 761 375)
4(375 761 762 376)
4(376 762 763 377)
4(377 763 764 378)
4(378 764 765 379)
4(379 765 766 380)
4(380 766 767 381)
4(381 767 768 382)
4(382 768 769 383)
4(383 769 770 384)
4(384 770 771 385)
4(0 386 579 193)
4(192 385 771 578)
4(386 387 580 579)
4(387 388 581 580)
4(388 389 582 581)
4(389 390 583 582)
4(390 391 584 583)
4(391 392 585 584)
4(392 393 586 585)
4(393 394 587 586)
4(394 395 588 587)
4(395 396 589 588)
4(396 397 590 589)
4(397 398 591 590)
4(398 399 592 591)
4(399 400 593 592)
4(400 401 594 593)
4(401 402 595 594)
4(402 403 596 595)
4(403 404 597 596)
4(404 405 598 597)
4(405 406 599 598)
4(406 407 600 599)
4(407 408 601 600)
4(408 409 602 601)
4(409 410 603 602)
4(410 411 604 603)
4(411 412 605 604)
4(412 413 606 605)
4(413 414 607 606)
4(414 415 608 607)
4(415 416 609 608)
4(416 417 610 609)
4(417 418 611 610)
4(418 419 612 611)
4(419 420 613 612)
4(420 421 614 613)
4(421 422 615 614)
4(422 423 616 615)
4(423 424 617 616)
4(424 425 618 617)
4(425 426 619 618)
4(426 427 620 619)
4(427 428 621 620)
4(428 429 622 621)
4(429 430 623 622)
4(430 431 624 623)
4(431 432 625 624)
4(432 433 626 625)
4(433 434 627 626)
4(434 435 628 627)
4(435 436 629 628)
4(436 437 630 629)
4(437 438 631 630)
4(438 439 632 631)
4(439 440 633 632)
4(440 441 634 633)
4(441 442 635 634)
4(442 443 636 635)
4(443 444 637 636)
4(444 445 638 637)
4(445 446 639 638)
4(446 447 640 639)
4(447 448 641 640)
4(448 449 642 641)
4(449 450 643 642)
4(450 451 644 643)
4(451 452 645 644)
4(452 453 646 645)
4(453 454 647 646)
4(454 455 648 647)
4(455 456 649 648)
4(456 457 650 649)
4(457 458 651 650)
4(458 459 652 651)
4(459 460 653 652)
4(460 461 654 653)
4(461 462 655 654)
4(462 463 656 655)
4(463 464 657 656)
4(464 465 658 657)
4(465 466 659 658)
4(466 467 660 659)
4(467 468 661 660)
4(468 469 662 661)
4(469 470 663 662)
4(470 471 664 663)
4(471 472 665 664)
4(472 473 666 665)
4(473 474 667 666)
4(474 475 668 667)
4(475 476 669 668)
4(476 477 670 669)
4(477 478 671 670)
4(478 479 672 671)
4(479 480 673 672)
4(480 481 674 673)
4(481 482 675 674)
4(482 483 676 675)
4(483 484 677 676)
4(484 485 678 677)
4(485 486 679 678)
4(486 487 680 679)
4(487 488 681 680)
4(488 489 682 681)
4(489 490 683 682)
4(490 491 684 683)
4(491 492 685 684)
4(492 493 686 685)
4(493 494 687 686)
4(494 495 688 687)
4(495 496 689 688)
4(496 497 690 689)
4(497 498 691 690)
4(498 499 692 691)
4(499 500 693 692)
4(500 501 694 693)
4(501 502 695 694)
4(502 503 696 695)
4(503 504 697 696)
4(504 505 698 697)
4(505 506 699 698)
4(506 507 700 699)
4(507 508 701 700)
4(508 509 702 701)
4(509 510 703 702)
4(510 511 704 703)
4(511 512 705 704)
4(512 513 706 705)
4(513 514 707 706)
4(514 515 708 707)
4(515 516 709 708)
4(516 517 710 709)
4(517 518 711 710)
4(518 519 712 711)
4(519 520 713 712)
4(520 521 714 713)
4(521 522 715 714)
4(522 523 716 715)
4(523 524 717 716)
4(524 525 718 717)
4(525 526 719 718)
4(526 527 720 719)
4(527 528 721 720)
4(528 529 722 721)
4(529 530 723 722)
4(530 531 724 723)
4(531 532 725 724)
4(532 533 726 725)
4(533 534 727 726)
4(534 535 728 727)
4(535 536 729 728)
4(536 537 730 729)
4(537 538 731 730)
4(538 539 732 731)
4(539 540 733 732)
4(540 541 734 733)
4(541 542 735 734)
4(542 543 736 735)
4(543 544 737 736)
4(544 545 738 737)
4(545 546 739 738)
4(546 547 740 739)
4(547 548 741 740)
4(548 549 742 741)
4(549 550 743 742)
4(550 551 744 743)
4(551 552 745 744)
4(552 553 746 745)
4(553 554 747 746)
4(554 555 748 747)
4(555 556 749 748)
4(556 557 750 749)
4(557 558 751 750)
4(558 559 752 751)
4(559 560 753 752)
4(560 561 754 753)
4(561 562 755 754)
4(562 563 756 755)
4(563 564 757 756)
4(564 565 758 757)
4(565 566 759 758)
4(566 567 760 759)
4(567 568 761 760)
4(568 569 762 761)
4(569 570 763 762)
4(570 571 764 763)
4(571 572 765 764)
4(572 573 766 765)
4(573 574 767 766)
4(574 575 768 767)
4(575 576 769 768)
4(576 577 770 769)
4(577 578 771 770)
4(0 193 194 1)
4(1 194 195 2)
4(2 195 196 3)
4(3 196 197 4)
4(4 197 198 5)
4(5 198 199 6)
4(6 199 200 7)
4(7 200 201 8)
4(8 201 202 9)
4(9 202 203 10)
4(10 203 204 11)
4(11 204 205 12)
4(12 205 206 13)
4(13 206 207 14)
4(14 207 208 15)
4(15 208 209 16)
4(16 209 210 17)
4(17 210 211 18)
4(18 211 212 19)
4(19 212 213 20)
4(20 213 214 21)
4(21 214 215 22)
4(22 215 216 23)
4(23 216 217 24)
4(24 217 218 25)
4(25 218 219 26)
4(26 219 220 27)
4(27 220 221 28)
4(28 221 222 29)
4(29 222 223 30)
4(30 223 224 31)
4(31 224 225 32)
4(32 225 226 33)
4(33 226 227 34)
4(34 227 228 35)
4(35 228 229 36)
4(36 229 230 37)
4(37 230 231 38)
4(38 231 232 39)
4(39 232 233 40)
4(40 233 234 41)
4(41 234 235 42)
4(42 235 236 43)
4(43 236 237 44)
4(44 237 238 45)
4(45 238 239 46)
4(46 239 240 47)
4(47 240 241 48)
4(48 241 242 49)
4(49 242 243 50)
4(50 243 244 51)
4(51 244 245 52)
4(52 245 246 53)
4(53 246 247 54)
4(54 247 248 55)
4(55 248 249 56)
4(56 249 250 57)
4(57 250 251 58)
4(58 251 252 59)
4(59 252 253 60)
4(60 253 254 61)
4(61 254 255 62)
4(62 255 256 63)
4(63 256 257 64)
4(64 257 258 65)
4(65 258 259 66)
4(66 259 260 67)
4(67 260 261 68)
4(68 261 262 69)
4(69 262 263 70)
4(70 263 264 71)
4(71 264 265 72)
4(72 265 266 73)
4(73 266 267 74)
4(74 267 268 75)
4(75 268 269 76)
4(76 269 270 77)
4(77 270 271 78)
4(78 271 272 79)
4(79 272 273 80)
4(80 273 274 81)
4(81 274 275 82)
4(82 275 276 83)
4(83 276 277 84)
4(84 277 278 85)
4(85 278 279 86)
4(86 279 280 87)
4(87 280 281 88)
4(88 281 282 89)
4(89 282 283 90)
4(90 283 284 91)
4(91 284 285 92)
4(92 285 286 93)
4(93 286 287 94)
4(94 287 288 95)
4(95 288 289 96)
4(96 289 290 97)
4(97 290 291 98)
4(98 291 292 99)
4(99 292 293 100)
4(100 293 294 101)
4(101 294 295 102)
4(102 295 296 103)
4(103 296 297 104)
4(104 297 298 105)
4(105 298 299 106)
4(106 299 300 107)
4(107 300 301 108)
4(108 301 302 109)
4(109 302 303 110)
4(110 303 304 111)
4(111 304 305 112)
4(112 305 306 113)
4(113 306 307 114)
4(114 307 308 115)
4(115 308 309 116)
4(116 309 310 117)
4(117 310 311 118)
4(118 311 312 119)
4(119 312 313 120)
4(120 313 314 121)
4(121 314 315 122)
4(122 315 316 123)
4(123 316 317 124)
4(124 317 318 125)
4(125 318 319 126)
4(126 319 320 127)
4(127 320 321 128)
4(128 321 322 129)
4(129 322 323 130)
4(130 323 324 131)
4(131 324 325 132)
4(132 325 326 133)
4(133 326 327 134)
4(134 327 328 135)
4(135 328 329 136)
4(136 329 330 137)
4(137 330 331 138)
4(138 331 332 139)
4(139 332 333 140)
4(140 333 334 141)
4(141 334 335 142)
4(142 335 336 143)
4(143 336 337 144)
4(144 337 338 145)
4(145 338 339 146)
4(146 339 340 147)
4(147 340 341 148)
4(148 341 342 149)
4(149 342 343 150)
4(150 343 344 151)
4(151 344 345 152)
4(152 345 346 153)
4(153 346 347 154)
4(154 347 348 155)
4(155 348 349 156)
4(156 349 350 157)
4(157 350 351 158)
4(158 351 352 159)
4(159 352 353 160)
4(160 353 354 161)
4(161 354 355 162)
4(162 355 356 163)
4(163 356 357 164)
4(164 357 358 165)
4(165 358 359 166)
4(166 359 360 167)
4(167 360 361 168)
4(168 361 362 169)
4(169 362 363 170)
4(170 363 364 171)
4(171 364 365 172)
4(172 365 366 173)
4(173 366 367 174)
4(174 367 368 175)
4(175 368 369 176)
4(176 369 370 177)
4(177 370 371 178)
4(178 371 372 179)
4(179 372 373 180)
4(180 373 374 181)
4(181 374 375 182)
4(182 375 376 183)
4(183 376 377 184)
4(184 377 378 185)
4(185 378 379 186)
4(186 379 380 187)
4(187 380 381 188)
4(188 381 382 189)
4(189 382 383 190)
4(190 383 384 191)
4(191 384 385 192)
)


// ************************************************************************* //
