/*--------------------------------*- C++ -*----------------------------------*\
| =========                 |                                                 |
| \\      /  F ield         | OpenFOAM: The Open Source CFD Toolbox           |
|  \\    /   O peration     | Version:  5.x                                   |
|   \\  /    A nd           | Web:      www.OpenFOAM.org                      |
|    \\/     M anipulation  |                                                 |
\*---------------------------------------------------------------------------*/
FoamFile
{
    version     2.0;
    format      ascii;
    class       vectorField;
    location    "constant/polyMesh";
    object      points;
}
// * * * * * * * * * * * * * * * * * * * * * * * * * * * * * * * * * * * * * //


772
(
(0 0 0)
(1.998430311e-05 0 0)
(4.103354348e-05 0 0)
(6.320447023e-05 0 0)
(8.655685655e-05 0 0)
(0.0001111536609 0 0)
(0.0001370611966 0 0)
(0.0001643493109 0 0)
(0.0001930915729 0 0)
(0.0002233654724 0 0)
(0.0002552526281 0 0)
(0.0002888390086 0 0)
(0.0003242151631 0 0)
(0.0003614764665 0 0)
(0.0004007233758 0 0)
(0.0004420617013 0 0)
(0.000485602892 0 0)
(0.0005314643354 0 0)
(0.000579769675 0 0)
(0.0006306491427 0 0)
(0.0006842399104 0 0)
(0.0007406864598 0 0)
(0.0008001409716 0 0)
(0.0008627637363 0 0)
(0.0009287235858 0 0)
(0.0009981983492 0 0)
(0.001071375331 0 0)
(0.001148451819 0 0)
(0.001229635611 0 0)
(0.001315145581 0 0)
(0.001405212265 0 0)
(0.001500078484 0 0)
(0.0016 0 0)
(0.0017 0 0)
(0.0018 0 0)
(0.0019 0 0)
(0.002 0 0)
(0.0021 0 0)
(0.0022 0 0)
(0.0023 0 0)
(0.0024 0 0)
(0.0025 0 0)
(0.0026 0 0)
(0.0027 0 0)
(0.0028 0 0)
(0.0029 0 0)
(0.003 0 0)
(0.0031 0 0)
(0.0032 0 0)
(0.0033 0 0)
(0.0034 0 0)
(0.0035 0 0)
(0.0036 0 0)
(0.0037 0 0)
(0.0038 0 0)
(0.0039 0 0)
(0.004 0 0)
(0.0041 0 0)
(0.0042 0 0)
(0.0043 0 0)
(0.0044 0 0)
(0.0045 0 0)
(0.0046 0 0)
(0.0047 0 0)
(0.0048 0 0)
(0.0049 0 0)
(0.005 0 0)
(0.0051 0 0)
(0.0052 0 0)
(0.0053 0 0)
(0.0054 0 0)
(0.0055 0 0)
(0.0056 0 0)
(0.0057 0 0)
(0.0058 0 0)
(0.0059 0 0)
(0.006 0 0)
(0.0061 0 0)
(0.0062 0 0)
(0.0063 0 0)
(0.0064 0 0)
(0.0065 0 0)
(0.0066 0 0)
(0.0067 0 0)
(0.0068 0 0)
(0.0069 0 0)
(0.007 0 0)
(0.0071 0 0)
(0.0072 0 0)
(0.0073 0 0)
(0.0074 0 0)
(0.0075 0 0)
(0.0076 0 0)
(0.0077 0 0)
(0.0078 0 0)
(0.0079 0 0)
(0.008 0 0)
(0.0081 0 0)
(0.0082 0 0)
(0.0083 0 0)
(0.0084 0 0)
(0.0085 0 0)
(0.0086 0 0)
(0.0087 0 0)
(0.0088 0 0)
(0.0089 0 0)
(0.009 0 0)
(0.0091 0 0)
(0.0092 0 0)
(0.0093 0 0)
(0.0094 0 0)
(0.0095 0 0)
(0.0096 0 0)
(0.0097 0 0)
(0.0098 0 0)
(0.0099 0 0)
(0.01 0 0)
(0.0101 0 0)
(0.0102 0 0)
(0.0103 0 0)
(0.0104 0 0)
(0.0105 0 0)
(0.0106 0 0)
(0.0107 0 0)
(0.0108 0 0)
(0.0109 0 0)
(0.011 0 0)
(0.0111 0 0)
(0.0112 0 0)
(0.0113 0 0)
(0.0114 0 0)
(0.0115 0 0)
(0.0116 0 0)
(0.0117 0 0)
(0.0118 0 0)
(0.0119 0 0)
(0.012 0 0)
(0.0121 0 0)
(0.0122 0 0)
(0.0123 0 0)
(0.0124 0 0)
(0.0125 0 0)
(0.0126 0 0)
(0.0127 0 0)
(0.0128 0 0)
(0.0129 0 0)
(0.013 0 0)
(0.0131 0 0)
(0.0132 0 0)
(0.0133 0 0)
(0.0134 0 0)
(0.0135 0 0)
(0.0136 0 0)
(0.0137 0 0)
(0.0138 0 0)
(0.0139 0 0)
(0.014 0 0)
(0.0141 0 0)
(0.0142 0 0)
(0.0143 0 0)
(0.0144 0 0)
(0.01449992152 0 0)
(0.01459478773 0 0)
(0.01468485442 0 0)
(0.01477036439 0 0)
(0.01485154818 0 0)
(0.01492862467 0 0)
(0.01500180165 0 0)
(0.01507127641 0 0)
(0.01513723626 0 0)
(0.01519985903 0 0)
(0.01525931354 0 0)
(0.01531576009 0 0)
(0.01536935086 0 0)
(0.01542023032 0 0)
(0.01546853566 0 0)
(0.01551439711 0 0)
(0.0155579383 0 0)
(0.01559927662 0 0)
(0.01563852353 0 0)
(0.01567578484 0 0)
(0.01571116099 0 0)
(0.01574474737 0 0)
(0.01577663453 0 0)
(0.01580690843 0 0)
(0.01583565069 0 0)
(0.0158629388 0 0)
(0.01588884634 0 0)
(0.01591344314 0 0)
(0.01593679553 0 0)
(0.01595896646 0 0)
(0.0159800157 0 0)
(0.016 0 0)
(0 0.005 0)
(1.998430311e-05 0.005 0)
(4.103354348e-05 0.005 0)
(6.320447023e-05 0.005 0)
(8.655685655e-05 0.005 0)
(0.0001111536609 0.005 0)
(0.0001370611966 0.005 0)
(0.0001643493109 0.005 0)
(0.0001930915729 0.005 0)
(0.0002233654724 0.005 0)
(0.0002552526281 0.005 0)
(0.0002888390086 0.005 0)
(0.0003242151631 0.005 0)
(0.0003614764665 0.005 0)
(0.0004007233758 0.005 0)
(0.0004420617013 0.005 0)
(0.000485602892 0.005 0)
(0.0005314643354 0.005 0)
(0.000579769675 0.005 0)
(0.0006306491427 0.005 0)
(0.0006842399104 0.005 0)
(0.0007406864598 0.005 0)
(0.0008001409716 0.005 0)
(0.0008627637363 0.005 0)
(0.0009287235858 0.005 0)
(0.0009981983492 0.005 0)
(0.001071375331 0.005 0)
(0.001148451819 0.005 0)
(0.001229635611 0.005 0)
(0.001315145581 0.005 0)
(0.001405212265 0.005 0)
(0.001500078484 0.005 0)
(0.0016 0.005 0)
(0.0017 0.005 0)
(0.0018 0.005 0)
(0.0019 0.005 0)
(0.002 0.005 0)
(0.0021 0.005 0)
(0.0022 0.005 0)
(0.0023 0.005 0)
(0.0024 0.005 0)
(0.0025 0.005 0)
(0.0026 0.005 0)
(0.0027 0.005 0)
(0.0028 0.005 0)
(0.0029 0.005 0)
(0.003 0.005 0)
(0.0031 0.005 0)
(0.0032 0.005 0)
(0.0033 0.005 0)
(0.0034 0.005 0)
(0.0035 0.005 0)
(0.0036 0.005 0)
(0.0037 0.005 0)
(0.0038 0.005 0)
(0.0039 0.005 0)
(0.004 0.005 0)
(0.0041 0.005 0)
(0.0042 0.005 0)
(0.0043 0.005 0)
(0.0044 0.005 0)
(0.0045 0.005 0)
(0.0046 0.005 0)
(0.0047 0.005 0)
(0.0048 0.005 0)
(0.0049 0.005 0)
(0.005 0.005 0)
(0.0051 0.005 0)
(0.0052 0.005 0)
(0.0053 0.005 0)
(0.0054 0.005 0)
(0.0055 0.005 0)
(0.0056 0.005 0)
(0.0057 0.005 0)
(0.0058 0.005 0)
(0.0059 0.005 0)
(0.006 0.005 0)
(0.0061 0.005 0)
(0.0062 0.005 0)
(0.0063 0.005 0)
(0.0064 0.005 0)
(0.0065 0.005 0)
(0.0066 0.005 0)
(0.0067 0.005 0)
(0.0068 0.005 0)
(0.0069 0.005 0)
(0.007 0.005 0)
(0.0071 0.005 0)
(0.0072 0.005 0)
(0.0073 0.005 0)
(0.0074 0.005 0)
(0.0075 0.005 0)
(0.0076 0.005 0)
(0.0077 0.005 0)
(0.0078 0.005 0)
(0.0079 0.005 0)
(0.008 0.005 0)
(0.0081 0.005 0)
(0.0082 0.005 0)
(0.0083 0.005 0)
(0.0084 0.005 0)
(0.0085 0.005 0)
(0.0086 0.005 0)
(0.0087 0.005 0)
(0.0088 0.005 0)
(0.0089 0.005 0)
(0.009 0.005 0)
(0.0091 0.005 0)
(0.0092 0.005 0)
(0.0093 0.005 0)
(0.0094 0.005 0)
(0.0095 0.005 0)
(0.0096 0.005 0)
(0.0097 0.005 0)
(0.0098 0.005 0)
(0.0099 0.005 0)
(0.01 0.005 0)
(0.0101 0.005 0)
(0.0102 0.005 0)
(0.0103 0.005 0)
(0.0104 0.005 0)
(0.0105 0.005 0)
(0.0106 0.005 0)
(0.0107 0.005 0)
(0.0108 0.005 0)
(0.0109 0.005 0)
(0.011 0.005 0)
(0.0111 0.005 0)
(0.0112 0.005 0)
(0.0113 0.005 0)
(0.0114 0.005 0)
(0.0115 0.005 0)
(0.0116 0.005 0)
(0.0117 0.005 0)
(0.0118 0.005 0)
(0.0119 0.005 0)
(0.012 0.005 0)
(0.0121 0.005 0)
(0.0122 0.005 0)
(0.0123 0.005 0)
(0.0124 0.005 0)
(0.0125 0.005 0)
(0.0126 0.005 0)
(0.0127 0.005 0)
(0.0128 0.005 0)
(0.0129 0.005 0)
(0.013 0.005 0)
(0.0131 0.005 0)
(0.0132 0.005 0)
(0.0133 0.005 0)
(0.0134 0.005 0)
(0.0135 0.005 0)
(0.0136 0.005 0)
(0.0137 0.005 0)
(0.0138 0.005 0)
(0.0139 0.005 0)
(0.014 0.005 0)
(0.0141 0.005 0)
(0.0142 0.005 0)
(0.0143 0.005 0)
(0.0144 0.005 0)
(0.01449992152 0.005 0)
(0.01459478773 0.005 0)
(0.01468485442 0.005 0)
(0.01477036439 0.005 0)
(0.01485154818 0.005 0)
(0.01492862467 0.005 0)
(0.01500180165 0.005 0)
(0.01507127641 0.005 0)
(0.01513723626 0.005 0)
(0.01519985903 0.005 0)
(0.01525931354 0.005 0)
(0.01531576009 0.005 0)
(0.01536935086 0.005 0)
(0.01542023032 0.005 0)
(0.01546853566 0.005 0)
(0.01551439711 0.005 0)
(0.0155579383 0.005 0)
(0.01559927662 0.005 0)
(0.01563852353 0.005 0)
(0.01567578484 0.005 0)
(0.01571116099 0.005 0)
(0.01574474737 0.005 0)
(0.01577663453 0.005 0)
(0.01580690843 0.005 0)
(0.01583565069 0.005 0)
(0.0158629388 0.005 0)
(0.01588884634 0.005 0)
(0.01591344314 0.005 0)
(0.01593679553 0.005 0)
(0.01595896646 0.005 0)
(0.0159800157 0.005 0)
(0.016 0.005 0)
(0 0 0.005)
(1.998430311e-05 0 0.005)
(4.103354348e-05 0 0.005)
(6.320447023e-05 0 0.005)
(8.655685655e-05 0 0.005)
(0.0001111536609 0 0.005)
(0.0001370611966 0 0.005)
(0.0001643493109 0 0.005)
(0.0001930915729 0 0.005)
(0.0002233654724 0 0.005)
(0.0002552526281 0 0.005)
(0.0002888390086 0 0.005)
(0.0003242151631 0 0.005)
(0.0003614764665 0 0.005)
(0.0004007233758 0 0.005)
(0.0004420617013 0 0.005)
(0.000485602892 0 0.005)
(0.0005314643354 0 0.005)
(0.000579769675 0 0.005)
(0.0006306491427 0 0.005)
(0.0006842399104 0 0.005)
(0.0007406864598 0 0.005)
(0.0008001409716 0 0.005)
(0.0008627637363 0 0.005)
(0.0009287235858 0 0.005)
(0.0009981983492 0 0.005)
(0.001071375331 0 0.005)
(0.001148451819 0 0.005)
(0.001229635611 0 0.005)
(0.001315145581 0 0.005)
(0.001405212265 0 0.005)
(0.001500078484 0 0.005)
(0.0016 0 0.005)
(0.0017 0 0.005)
(0.0018 0 0.005)
(0.0019 0 0.005)
(0.002 0 0.005)
(0.0021 0 0.005)
(0.0022 0 0.005)
(0.0023 0 0.005)
(0.0024 0 0.005)
(0.0025 0 0.005)
(0.0026 0 0.005)
(0.0027 0 0.005)
(0.0028 0 0.005)
(0.0029 0 0.005)
(0.003 0 0.005)
(0.0031 0 0.005)
(0.0032 0 0.005)
(0.0033 0 0.005)
(0.0034 0 0.005)
(0.0035 0 0.005)
(0.0036 0 0.005)
(0.0037 0 0.005)
(0.0038 0 0.005)
(0.0039 0 0.005)
(0.004 0 0.005)
(0.0041 0 0.005)
(0.0042 0 0.005)
(0.0043 0 0.005)
(0.0044 0 0.005)
(0.0045 0 0.005)
(0.0046 0 0.005)
(0.0047 0 0.005)
(0.0048 0 0.005)
(0.0049 0 0.005)
(0.005 0 0.005)
(0.0051 0 0.005)
(0.0052 0 0.005)
(0.0053 0 0.005)
(0.0054 0 0.005)
(0.0055 0 0.005)
(0.0056 0 0.005)
(0.0057 0 0.005)
(0.0058 0 0.005)
(0.0059 0 0.005)
(0.006 0 0.005)
(0.0061 0 0.005)
(0.0062 0 0.005)
(0.0063 0 0.005)
(0.0064 0 0.005)
(0.0065 0 0.005)
(0.0066 0 0.005)
(0.0067 0 0.005)
(0.0068 0 0.005)
(0.0069 0 0.005)
(0.007 0 0.005)
(0.0071 0 0.005)
(0.0072 0 0.005)
(0.0073 0 0.005)
(0.0074 0 0.005)
(0.0075 0 0.005)
(0.0076 0 0.005)
(0.0077 0 0.005)
(0.0078 0 0.005)
(0.0079 0 0.005)
(0.008 0 0.005)
(0.0081 0 0.005)
(0.0082 0 0.005)
(0.0083 0 0.005)
(0.0084 0 0.005)
(0.0085 0 0.005)
(0.0086 0 0.005)
(0.0087 0 0.005)
(0.0088 0 0.005)
(0.0089 0 0.005)
(0.009 0 0.005)
(0.0091 0 0.005)
(0.0092 0 0.005)
(0.0093 0 0.005)
(0.0094 0 0.005)
(0.0095 0 0.005)
(0.0096 0 0.005)
(0.0097 0 0.005)
(0.0098 0 0.005)
(0.0099 0 0.005)
(0.01 0 0.005)
(0.0101 0 0.005)
(0.0102 0 0.005)
(0.0103 0 0.005)
(0.0104 0 0.005)
(0.0105 0 0.005)
(0.0106 0 0.005)
(0.0107 0 0.005)
(0.0108 0 0.005)
(0.0109 0 0.005)
(0.011 0 0.005)
(0.0111 0 0.005)
(0.0112 0 0.005)
(0.0113 0 0.005)
(0.0114 0 0.005)
(0.0115 0 0.005)
(0.0116 0 0.005)
(0.0117 0 0.005)
(0.0118 0 0.005)
(0.0119 0 0.005)
(0.012 0 0.005)
(0.0121 0 0.005)
(0.0122 0 0.005)
(0.0123 0 0.005)
(0.0124 0 0.005)
(0.0125 0 0.005)
(0.0126 0 0.005)
(0.0127 0 0.005)
(0.0128 0 0.005)
(0.0129 0 0.005)
(0.013 0 0.005)
(0.0131 0 0.005)
(0.0132 0 0.005)
(0.0133 0 0.005)
(0.0134 0 0.005)
(0.0135 0 0.005)
(0.0136 0 0.005)
(0.0137 0 0.005)
(0.0138 0 0.005)
(0.0139 0 0.005)
(0.014 0 0.005)
(0.0141 0 0.005)
(0.0142 0 0.005)
(0.0143 0 0.005)
(0.0144 0 0.005)
(0.01449992152 0 0.005)
(0.01459478773 0 0.005)
(0.01468485442 0 0.005)
(0.01477036439 0 0.005)
(0.01485154818 0 0.005)
(0.01492862467 0 0.005)
(0.01500180165 0 0.005)
(0.01507127641 0 0.005)
(0.01513723626 0 0.005)
(0.01519985903 0 0.005)
(0.01525931354 0 0.005)
(0.01531576009 0 0.005)
(0.01536935086 0 0.005)
(0.01542023032 0 0.005)
(0.01546853566 0 0.005)
(0.01551439711 0 0.005)
(0.0155579383 0 0.005)
(0.01559927662 0 0.005)
(0.01563852353 0 0.005)
(0.01567578484 0 0.005)
(0.01571116099 0 0.005)
(0.01574474737 0 0.005)
(0.01577663453 0 0.005)
(0.01580690843 0 0.005)
(0.01583565069 0 0.005)
(0.0158629388 0 0.005)
(0.01588884634 0 0.005)
(0.01591344314 0 0.005)
(0.01593679553 0 0.005)
(0.01595896646 0 0.005)
(0.0159800157 0 0.005)
(0.016 0 0.005)
(0 0.005 0.005)
(1.998430311e-05 0.005 0.005)
(4.103354348e-05 0.005 0.005)
(6.320447023e-05 0.005 0.005)
(8.655685655e-05 0.005 0.005)
(0.0001111536609 0.005 0.005)
(0.0001370611966 0.005 0.005)
(0.0001643493109 0.005 0.005)
(0.0001930915729 0.005 0.005)
(0.0002233654724 0.005 0.005)
(0.0002552526281 0.005 0.005)
(0.0002888390086 0.005 0.005)
(0.0003242151631 0.005 0.005)
(0.0003614764665 0.005 0.005)
(0.0004007233758 0.005 0.005)
(0.0004420617013 0.005 0.005)
(0.000485602892 0.005 0.005)
(0.0005314643354 0.005 0.005)
(0.000579769675 0.005 0.005)
(0.0006306491427 0.005 0.005)
(0.0006842399104 0.005 0.005)
(0.0007406864598 0.005 0.005)
(0.0008001409716 0.005 0.005)
(0.0008627637363 0.005 0.005)
(0.0009287235858 0.005 0.005)
(0.0009981983492 0.005 0.005)
(0.001071375331 0.005 0.005)
(0.001148451819 0.005 0.005)
(0.001229635611 0.005 0.005)
(0.001315145581 0.005 0.005)
(0.001405212265 0.005 0.005)
(0.001500078484 0.005 0.005)
(0.0016 0.005 0.005)
(0.0017 0.005 0.005)
(0.0018 0.005 0.005)
(0.0019 0.005 0.005)
(0.002 0.005 0.005)
(0.0021 0.005 0.005)
(0.0022 0.005 0.005)
(0.0023 0.005 0.005)
(0.0024 0.005 0.005)
(0.0025 0.005 0.005)
(0.0026 0.005 0.005)
(0.0027 0.005 0.005)
(0.0028 0.005 0.005)
(0.0029 0.005 0.005)
(0.003 0.005 0.005)
(0.0031 0.005 0.005)
(0.0032 0.005 0.005)
(0.0033 0.005 0.005)
(0.0034 0.005 0.005)
(0.0035 0.005 0.005)
(0.0036 0.005 0.005)
(0.0037 0.005 0.005)
(0.0038 0.005 0.005)
(0.0039 0.005 0.005)
(0.004 0.005 0.005)
(0.0041 0.005 0.005)
(0.0042 0.005 0.005)
(0.0043 0.005 0.005)
(0.0044 0.005 0.005)
(0.0045 0.005 0.005)
(0.0046 0.005 0.005)
(0.0047 0.005 0.005)
(0.0048 0.005 0.005)
(0.0049 0.005 0.005)
(0.005 0.005 0.005)
(0.0051 0.005 0.005)
(0.0052 0.005 0.005)
(0.0053 0.005 0.005)
(0.0054 0.005 0.005)
(0.0055 0.005 0.005)
(0.0056 0.005 0.005)
(0.0057 0.005 0.005)
(0.0058 0.005 0.005)
(0.0059 0.005 0.005)
(0.006 0.005 0.005)
(0.0061 0.005 0.005)
(0.0062 0.005 0.005)
(0.0063 0.005 0.005)
(0.0064 0.005 0.005)
(0.0065 0.005 0.005)
(0.0066 0.005 0.005)
(0.0067 0.005 0.005)
(0.0068 0.005 0.005)
(0.0069 0.005 0.005)
(0.007 0.005 0.005)
(0.0071 0.005 0.005)
(0.0072 0.005 0.005)
(0.0073 0.005 0.005)
(0.0074 0.005 0.005)
(0.0075 0.005 0.005)
(0.0076 0.005 0.005)
(0.0077 0.005 0.005)
(0.0078 0.005 0.005)
(0.0079 0.005 0.005)
(0.008 0.005 0.005)
(0.0081 0.005 0.005)
(0.0082 0.005 0.005)
(0.0083 0.005 0.005)
(0.0084 0.005 0.005)
(0.0085 0.005 0.005)
(0.0086 0.005 0.005)
(0.0087 0.005 0.005)
(0.0088 0.005 0.005)
(0.0089 0.005 0.005)
(0.009 0.005 0.005)
(0.0091 0.005 0.005)
(0.0092 0.005 0.005)
(0.0093 0.005 0.005)
(0.0094 0.005 0.005)
(0.0095 0.005 0.005)
(0.0096 0.005 0.005)
(0.0097 0.005 0.005)
(0.0098 0.005 0.005)
(0.0099 0.005 0.005)
(0.01 0.005 0.005)
(0.0101 0.005 0.005)
(0.0102 0.005 0.005)
(0.0103 0.005 0.005)
(0.0104 0.005 0.005)
(0.0105 0.005 0.005)
(0.0106 0.005 0.005)
(0.0107 0.005 0.005)
(0.0108 0.005 0.005)
(0.0109 0.005 0.005)
(0.011 0.005 0.005)
(0.0111 0.005 0.005)
(0.0112 0.005 0.005)
(0.0113 0.005 0.005)
(0.0114 0.005 0.005)
(0.0115 0.005 0.005)
(0.0116 0.005 0.005)
(0.0117 0.005 0.005)
(0.0118 0.005 0.005)
(0.0119 0.005 0.005)
(0.012 0.005 0.005)
(0.0121 0.005 0.005)
(0.0122 0.005 0.005)
(0.0123 0.005 0.005)
(0.0124 0.005 0.005)
(0.0125 0.005 0.005)
(0.0126 0.005 0.005)
(0.0127 0.005 0.005)
(0.0128 0.005 0.005)
(0.0129 0.005 0.005)
(0.013 0.005 0.005)
(0.0131 0.005 0.005)
(0.0132 0.005 0.005)
(0.0133 0.005 0.005)
(0.0134 0.005 0.005)
(0.0135 0.005 0.005)
(0.0136 0.005 0.005)
(0.0137 0.005 0.005)
(0.0138 0.005 0.005)
(0.0139 0.005 0.005)
(0.014 0.005 0.005)
(0.0141 0.005 0.005)
(0.0142 0.005 0.005)
(0.0143 0.005 0.005)
(0.0144 0.005 0.005)
(0.01449992152 0.005 0.005)
(0.01459478773 0.005 0.005)
(0.01468485442 0.005 0.005)
(0.01477036439 0.005 0.005)
(0.01485154818 0.005 0.005)
(0.01492862467 0.005 0.005)
(0.01500180165 0.005 0.005)
(0.01507127641 0.005 0.005)
(0.01513723626 0.005 0.005)
(0.01519985903 0.005 0.005)
(0.01525931354 0.005 0.005)
(0.01531576009 0.005 0.005)
(0.01536935086 0.005 0.005)
(0.01542023032 0.005 0.005)
(0.01546853566 0.005 0.005)
(0.01551439711 0.005 0.005)
(0.0155579383 0.005 0.005)
(0.01559927662 0.005 0.005)
(0.01563852353 0.005 0.005)
(0.01567578484 0.005 0.005)
(0.01571116099 0.005 0.005)
(0.01574474737 0.005 0.005)
(0.01577663453 0.005 0.005)
(0.01580690843 0.005 0.005)
(0.01583565069 0.005 0.005)
(0.0158629388 0.005 0.005)
(0.01588884634 0.005 0.005)
(0.01591344314 0.005 0.005)
(0.01593679553 0.005 0.005)
(0.01595896646 0.005 0.005)
(0.0159800157 0.005 0.005)
(0.016 0.005 0.005)
)


// ************************************************************************* //
